{
 "cells": [
  {
   "cell_type": "code",
   "execution_count": 1,
   "metadata": {},
   "outputs": [],
   "source": [
    "from math import*\n",
    "from decimal import Decimal"
   ]
  },
  {
   "cell_type": "code",
   "execution_count": 2,
   "metadata": {},
   "outputs": [
    {
     "data": {
      "text/plain": [
       "9.746794344808963"
      ]
     },
     "execution_count": 2,
     "metadata": {},
     "output_type": "execute_result"
    }
   ],
   "source": [
    "def euclidean_distance(x,y):\n",
    "    return sqrt(sum(pow(a-b,2) for a, b in zip(x, y)))\n",
    "\n",
    "euclidean_distance([0,3,4,5],[7,6,3,-1])"
   ]
  },
  {
   "cell_type": "code",
   "execution_count": 3,
   "metadata": {},
   "outputs": [
    {
     "data": {
      "text/plain": [
       "10"
      ]
     },
     "execution_count": 3,
     "metadata": {},
     "output_type": "execute_result"
    }
   ],
   "source": [
    "def manhattan_distance(x,y):\n",
    " \n",
    "    return sum(abs(a-b) for a,b in zip(x,y))\n",
    " \n",
    "manhattan_distance([10,20,10],[10,20,20])"
   ]
  },
  {
   "cell_type": "code",
   "execution_count": 4,
   "metadata": {},
   "outputs": [
    {
     "data": {
      "text/plain": [
       "Decimal('8.373')"
      ]
     },
     "execution_count": 4,
     "metadata": {},
     "output_type": "execute_result"
    }
   ],
   "source": [
    "def nth_root(value, n_root):\n",
    "    root_value = 1/float(n_root)\n",
    "    return round (Decimal(value) ** Decimal(root_value),3)\n",
    " \n",
    "def minkowski_distance(x,y,p_value):\n",
    "    return nth_root(sum(pow(abs(a-b),p_value) for a,b in zip(x, y)),p_value)\n",
    " \n",
    "minkowski_distance([0,3,4,5],[7,6,3,-1],3)"
   ]
  },
  {
   "cell_type": "code",
   "execution_count": 5,
   "metadata": {},
   "outputs": [],
   "source": [
    "import numpy as np\n",
    "from sklearn.metrics.pairwise import euclidean_distances\n",
    "\n",
    "X_testing = np.asarray([[1,2,3.5],[4,1,2],[0,0,2],[3.4,1,5.6]]) "
   ]
  },
  {
   "cell_type": "code",
   "execution_count": 6,
   "metadata": {},
   "outputs": [
    {
     "data": {
      "text/plain": [
       "array([[1. , 2. , 3.5],\n",
       "       [4. , 1. , 2. ],\n",
       "       [0. , 0. , 2. ],\n",
       "       [3.4, 1. , 5.6]])"
      ]
     },
     "execution_count": 6,
     "metadata": {},
     "output_type": "execute_result"
    }
   ],
   "source": [
    "X_testing"
   ]
  },
  {
   "cell_type": "code",
   "execution_count": 7,
   "metadata": {},
   "outputs": [
    {
     "name": "stdout",
     "output_type": "stream",
     "text": [
      "[[0.         3.5        2.6925824  3.34215499]\n",
      " [3.5        0.         4.12310563 3.64965752]\n",
      " [2.6925824  4.12310563 0.         5.05173238]\n",
      " [3.34215499 3.64965752 5.05173238 0.        ]]\n"
     ]
    }
   ],
   "source": [
    "test = euclidean_distances(X_testing, X_testing)\n",
    "print(test) "
   ]
  },
  {
   "cell_type": "code",
   "execution_count": 8,
   "metadata": {},
   "outputs": [
    {
     "data": {
      "text/plain": [
       "array([[1. , 4. , 0. , 3.4],\n",
       "       [2. , 1. , 0. , 1. ],\n",
       "       [3.5, 2. , 2. , 5.6]])"
      ]
     },
     "execution_count": 8,
     "metadata": {},
     "output_type": "execute_result"
    }
   ],
   "source": [
    "X_testing.T"
   ]
  },
  {
   "cell_type": "code",
   "execution_count": 9,
   "metadata": {},
   "outputs": [
    {
     "name": "stdout",
     "output_type": "stream",
     "text": [
      "[[0.         3.96988665 4.36921045]\n",
      " [3.96988665 0.         5.33010319]\n",
      " [4.36921045 5.33010319 0.        ]]\n"
     ]
    }
   ],
   "source": [
    "test = euclidean_distances(X_testing.T, X_testing.T)\n",
    "print(test)"
   ]
  },
  {
   "cell_type": "code",
   "execution_count": 10,
   "metadata": {},
   "outputs": [],
   "source": [
    "from sklearn.metrics import pairwise_distances"
   ]
  },
  {
   "cell_type": "code",
   "execution_count": 11,
   "metadata": {},
   "outputs": [
    {
     "data": {
      "text/plain": [
       "array([[0.        , 3.5       , 2.6925824 , 3.34215499],\n",
       "       [3.5       , 0.        , 4.12310563, 3.64965752],\n",
       "       [2.6925824 , 4.12310563, 0.        , 5.05173238],\n",
       "       [3.34215499, 3.64965752, 5.05173238, 0.        ]])"
      ]
     },
     "execution_count": 11,
     "metadata": {},
     "output_type": "execute_result"
    }
   ],
   "source": [
    "pairwise_distances(X_testing, metric='euclidean')"
   ]
  },
  {
   "cell_type": "code",
   "execution_count": 12,
   "metadata": {},
   "outputs": [
    {
     "data": {
      "text/plain": [
       "array([[0. , 5.5, 4.5, 5.5],\n",
       "       [5.5, 0. , 5. , 4.2],\n",
       "       [4.5, 5. , 0. , 8. ],\n",
       "       [5.5, 4.2, 8. , 0. ]])"
      ]
     },
     "execution_count": 12,
     "metadata": {},
     "output_type": "execute_result"
    }
   ],
   "source": [
    "pairwise_distances(X_testing, metric='manhattan')"
   ]
  },
  {
   "cell_type": "code",
   "execution_count": 13,
   "metadata": {},
   "outputs": [
    {
     "data": {
      "text/plain": [
       "array([[0.        , 0.31697098, 0.15729903, 0.09173141],\n",
       "       [0.31697098, 0.        , 0.56356422, 0.15046966],\n",
       "       [0.15729903, 0.56356422, 0.        , 0.1549997 ],\n",
       "       [0.09173141, 0.15046966, 0.1549997 , 0.        ]])"
      ]
     },
     "execution_count": 13,
     "metadata": {},
     "output_type": "execute_result"
    }
   ],
   "source": [
    "pairwise_distances(X_testing, metric='cosine')"
   ]
  },
  {
   "cell_type": "code",
   "execution_count": 14,
   "metadata": {},
   "outputs": [
    {
     "name": "stderr",
     "output_type": "stream",
     "text": [
      "C:\\Users\\abhij\\Anaconda3\\lib\\site-packages\\sklearn\\utils\\validation.py:595: DataConversionWarning: Data with input dtype float64 was converted to bool by check_pairwise_arrays.\n",
      "  warnings.warn(msg, DataConversionWarning)\n"
     ]
    },
    {
     "data": {
      "text/plain": [
       "array([[0.        , 0.        , 0.66666667, 0.        ],\n",
       "       [0.        , 0.        , 0.66666667, 0.        ],\n",
       "       [0.66666667, 0.66666667, 0.        , 0.66666667],\n",
       "       [0.        , 0.        , 0.66666667, 0.        ]])"
      ]
     },
     "execution_count": 14,
     "metadata": {},
     "output_type": "execute_result"
    }
   ],
   "source": [
    "pairwise_distances(X_testing, metric='jaccard')"
   ]
  },
  {
   "cell_type": "code",
   "execution_count": 15,
   "metadata": {},
   "outputs": [
    {
     "data": {
      "text/plain": [
       "array([[0.        , 3.5       , 2.6925824 , 3.34215499],\n",
       "       [3.5       , 0.        , 4.12310563, 3.64965752],\n",
       "       [2.6925824 , 4.12310563, 0.        , 5.05173238],\n",
       "       [3.34215499, 3.64965752, 5.05173238, 0.        ]])"
      ]
     },
     "execution_count": 15,
     "metadata": {},
     "output_type": "execute_result"
    }
   ],
   "source": [
    "pairwise_distances(X_testing, metric='minkowski')"
   ]
  },
  {
   "cell_type": "code",
   "execution_count": null,
   "metadata": {},
   "outputs": [],
   "source": []
  }
 ],
 "metadata": {
  "kernelspec": {
   "display_name": "Python 3",
   "language": "python",
   "name": "python3"
  },
  "language_info": {
   "codemirror_mode": {
    "name": "ipython",
    "version": 3
   },
   "file_extension": ".py",
   "mimetype": "text/x-python",
   "name": "python",
   "nbconvert_exporter": "python",
   "pygments_lexer": "ipython3",
   "version": "3.7.1"
  }
 },
 "nbformat": 4,
 "nbformat_minor": 2
}
